list(N=1.20000E+01, c=c(1.87003E+01, 1.59038E+01, 1.14371E+02, 1.33798E+01, 1.19793E+01, 1.06250E+01, 1.71833E+01, 1.52328E+01, 1.35364E+01, 1.30934E+01, 1.20596E+01, 1.07728E+01), T=c(6.00000E+00, 6.00000E+00, 6.00000E+00, 6.00000E+00, 6.00000E+00, 6.00000E+00, 6.00000E+00, 6.00000E+00, 6.00000E+00, 6.00000E+00, 6.00000E+00, 6.00000E+00), tinf=c(5.00000E-01, 5.00000E-01, 5.00000E-01, 5.00000E-01, 5.00000E-01, 5.00000E-01, 5.00000E-01, 5.00000E-01, 5.00000E-01, 5.00000E-01, 5.00000E-01, 5.00000E-01), R=c(4.00000E+01, 4.00000E+01, 4.00000E+01, 4.00000E+01, 4.00000E+01, 4.00000E+01, 4.00000E+01, 4.00000E+01, 4.00000E+01, 4.00000E+01, 4.00000E+01, 4.00000E+01), DL=c(4.00000E+02, 4.00000E+02, 4.00000E+02, 4.00000E+02, 4.00000E+02, 4.00000E+02, 4.00000E+02, 4.00000E+02, 4.00000E+02, 4.00000E+02, 4.00000E+02, 4.00000E+02), ht=c(1.72000E+02, 1.72000E+02, 1.72000E+02, 1.72000E+02, 1.72000E+02, 1.72000E+02, 1.72000E+02, 1.72000E+02, 1.72000E+02, 1.72000E+02, 1.72000E+02, 1.72000E+02), age=c(6.00000E+01, 6.00000E+01, 6.00000E+01, 6.00000E+01, 6.00000E+01, 6.00000E+01, 6.00000E+01, 6.00000E+01, 6.00000E+01, 6.00000E+01, 6.00000E+01, 6.00000E+01), smoke=c(1.00000E+00, 1.00000E+00, 1.00000E+00, 1.00000E+00, 1.00000E+00, 1.00000E+00, 1.00000E+00, 1.00000E+00, 1.00000E+00, 1.00000E+00, 1.00000E+00, 1.00000E+00), Gender=c(1.00000E+00, 1.00000E+00, 1.00000E+00, 1.00000E+00, 1.00000E+00, 1.00000E+00, 1.00000E+00, 1.00000E+00, 1.00000E+00, 1.00000E+00, 1.00000E+00, 1.00000E+00), CHF=c(1.00000E+00, 1.00000E+00, 1.00000E+00, 1.00000E+00, 1.00000E+00, 1.00000E+00, 1.00000E+00, 1.00000E+00, 1.00000E+00, 1.00000E+00, 1.00000E+00, 1.00000E+00))
