list(N=2.00000E+00, c=c(1.13490E+01, 7.91840E+00), tau=c(1.20000E+01, 1.20000E+01), D=c(3.00000E+02, 3.00000E+02), ht=c(1.60000E+02, 1.55000E+02), age=c(6.00000E+01, 2.50000E+01), smoke=c(0.00000E+00, 1.00000E+00), Gender=c(0.00000E+00, 1.00000E+00), CHF=c(0.00000E+00, 0.00000E+00))
