list(N=2.00000E+00, c=c(5.15000E+00, 7.85000E+00), tau=c(1.20000E+01, 1.20000E+01), ts=c(1.20000E+01, 1.20000E+01), D=c(3.00000E+02, 3.00000E+02), ht=c(1.75000E+02, 1.80000E+02), age=c(7.50000E+01, 8.00000E+01), smoke=c(0.00000E+00, 0.00000E+00), Gender=c(1.00000E+00, 0.00000E+00), CHF=c(0.00000E+00, 1.00000E+00))
