list(N=2.00000E+00, c=c(2.00000E+01, 1.80000E+01), tau=c(2.40000E+01, 2.40000E+01), ts=c(1.00000E+00, 1.00000E+00), tin=c(1.00000E+00, 1.00000E+00), D=c(2.00000E+02, 2.50000E+02), bw=c(6.00000E+01, 5.00000E+01), Ht=c(1.50000E+02, 1.60000E+02), Scr=c(1.10000E+00, 1.00000E+00), Gender=c(1.00000E+00, 0.00000E+00), age=c(6.00000E+01, 5.00000E+01))
