list(N=1.20000E+01, c=c(2.09157E+01, 4.42595E+00, 6.40341E+00, 5.88636E+00, 4.78231E+00, 7.18734E+00, 7.88941E+00, 7.13824E+00, 6.75951E+00, 7.99222E+00, 7.75585E+00, 4.86719E+00), tau=c(2.40000E+01, 8.00000E+00, 1.20000E+01, 8.00000E+00, 8.00000E+00, 1.20000E+01, 8.00000E+00, 8.00000E+00, 8.00000E+00, 1.20000E+01, 1.20000E+01, 1.20000E+01), ts=c(1.50000E+00, 1.50000E+00, 1.50000E+00, 1.50000E+00, 1.50000E+00, 1.50000E+00, 1.50000E+00, 1.50000E+00, 1.50000E+00, 1.50000E+00, 1.50000E+00, 1.50000E+00), tin=c(5.00000E-01, 5.00000E-01, 5.00000E-01, 5.00000E-01, 5.00000E-01, 5.00000E-01, 5.00000E-01, 5.00000E-01, 5.00000E-01, 5.00000E-01, 5.00000E-01, 5.00000E-01), D=c(1.50000E+02, 5.00000E+01, 1.00000E+02, 1.00000E+02, 1.00000E+02, 2.00000E+02, 1.00000E+02, 1.00000E+02, 1.00000E+02, 1.50000E+01, 1.50000E+02, 1.00000E+02), bw=c(7.00000E+01, 7.00000E+01, 7.00000E+01, 7.00000E+01, 7.00000E+01, 7.00000E+01, 7.00000E+01, 7.00000E+01, 7.00000E+01, 7.00000E+01, 7.00000E+01, 7.00000E+01), Ht=c(1.70000E+02, 1.70000E+02, 1.70000E+02, 1.70000E+02, 1.70000E+02, 1.70000E+02, 1.70000E+02, 1.70000E+02, 1.70000E+02, 1.70000E+02, 1.70000E+02, 1.70000E+02), Scr=c(1.80000E+00, 1.80000E+00, 1.80000E+00, 1.80000E+00, 1.80000E+00, 1.80000E+00, 1.80000E+00, 1.80000E+00, 1.80000E+00, 1.80000E+00, 1.80000E+00, 1.80000E+00), Gender=c(1.00000E+00, 1.00000E+00, 1.00000E+00, 1.00000E+00, 1.00000E+00, 1.00000E+00, 1.00000E+00, 1.00000E+00, 1.00000E+00, 1.00000E+00, 1.00000E+00, 1.00000E+00), age=c(3.80000E+01, 3.80000E+01, 3.80000E+01, 3.80000E+01, 3.80000E+01, 3.80000E+01, 3.80000E+01, 3.80000E+01, 3.80000E+01, 3.80000E+01, 3.80000E+01, 3.80000E+01))
