list(N=6.00000E+00, c=c(5.13730E+00, 4.07396E+00, 3.58073E+00, 3.17689E+00, 2.85593E+00, 2.47776E+00), tau=c(1.20000E+01, 1.20000E+01, 1.20000E+01, 1.20000E+01, 1.20000E+01, 1.20000E+01), ts=c(1.10000E+01, 1.10000E+01, 1.10000E+01, 1.10000E+01, 1.10000E+01, 1.10000E+01), D=c(4.00000E+02, 4.00000E+02, 4.00000E+02, 4.00000E+02, 4.00000E+02, 4.00000E+02), TBW=c(6.00000E+01, 6.00000E+01, 6.00000E+01, 6.00000E+01, 6.00000E+01, 6.00000E+01), PB=c(1.00000E+00, 1.00000E+00, 1.00000E+00, 1.00000E+00, 1.00000E+00, 1.00000E+00), VPA=c(1.00000E+00, 1.00000E+00, 1.00000E+00, 1.00000E+00, 1.00000E+00, 1.00000E+00), PHT=c(1.00000E+00, 1.00000E+00, 1.00000E+00, 1.00000E+00, 1.00000E+00, 1.00000E+00), E=c(1.00000E+00, 1.00000E+00, 1.00000E+00, 1.00000E+00, 1.00000E+00, 1.00000E+00))
