list(N=2.00000E+00, c=c(5.00000E+00, 6.00000E+00), tau=c(1.20000E+01, 1.20000E+01), ts=c(1.10000E+01, 1.10000E+01), D=c(2.00000E+02, 2.00000E+02), TBW=c(6.00000E+01, 5.00000E+01), PB=c(0.00000E+00, 0.00000E+00), VPA=c(0.00000E+00, 0.00000E+00), PHT=c(0.00000E+00, 0.00000E+00), E=c(0.00000E+00, 0.00000E+00))
