list(T=2.00000E+00, c=c(6.80000E+01, 6.05100E+01), ts=c(6.00000E+00, 8.00000E+00), tau=8.00000E+00, D=1.40000E+02, TBW=1.20000E+01, CBZ=0.00000E+00)
