list(T=2.00000E+00, c=c(3.20000E+02, 2.98000E+02), ts=c(6.00000E+00, 1.20000E+01), PTD=1.80000E+01, tau=1.20000E+01, D=2.00000E+02, bw=7.30000E+01, Dia=1.00000E+00)
