list(N=1.50000E+01, c=c(3.26819E+02, 1.85305E+02, 1.50665E+02, 1.27954E+02, 1.13716E+02, 1.41719E+02, 1.30472E+02, 1.50665E+02, 1.68389E+02, 1.87421E+02, 3.36561E+02, 2.12421E+02, 1.50665E+02, 1.13884E+02, 8.96019E+01), PTD=c(3.65000E+02, 3.65000E+02, 3.65000E+02, 3.65000E+02, 3.65000E+02, 3.65000E+02, 3.65000E+02, 3.65000E+02, 3.65000E+02, 3.65000E+02, 3.65000E+02, 3.65000E+02, 3.65000E+02, 3.65000E+02, 3.65000E+02), tau=c(1.20000E+01, 1.20000E+01, 1.20000E+01, 1.20000E+01, 1.20000E+01, 1.20000E+01, 1.20000E+01, 1.20000E+01, 1.20000E+01, 1.20000E+01, 1.20000E+01, 1.20000E+01, 1.20000E+01, 1.20000E+01, 1.20000E+01), ts=c(1.20000E+01, 1.20000E+01, 1.20000E+01, 1.20000E+01, 1.20000E+01, 1.20000E+01, 1.20000E+01, 1.20000E+01, 1.20000E+01, 1.20000E+01, 1.20000E+01, 1.20000E+01, 1.20000E+01, 1.20000E+01, 1.20000E+01), D=c(1.25000E+02, 1.25000E+02, 1.25000E+02, 1.25000E+02, 1.25000E+02, 1.25000E+02, 1.25000E+02, 1.25000E+02, 1.25000E+02, 1.25000E+02, 1.25000E+02, 1.25000E+02, 1.25000E+02, 1.25000E+02, 1.25000E+02), bw=c(7.30000E+01, 7.30000E+01, 7.30000E+01, 7.30000E+01, 7.30000E+01, 7.30000E+01, 7.30000E+01, 7.30000E+01, 7.30000E+01, 7.30000E+01, 7.30000E+01, 7.30000E+01, 7.30000E+01, 7.30000E+01, 7.30000E+01), Dia=c(0.00000E+00, 0.00000E+00, 0.00000E+00, 0.00000E+00, 0.00000E+00, 0.00000E+00, 0.00000E+00, 0.00000E+00, 0.00000E+00, 0.00000E+00, 0.00000E+00, 0.00000E+00, 0.00000E+00, 0.00000E+00, 0.00000E+00))
