list(c=2.00000E+00, tau=1.20000E+01, D=1.25000E-01, scr=1.00000E+00, bw=5.00000E+01, age=5.00000E+01, Gender=1.00000E+00)
