list(N=6.00000E+00, c=c(8.77434E+00, 5.92222E+00, 3.79973E+00, 3.41761E+00, 2.80894E+00, 2.44889E+00), tau=c(1.20000E+01, 1.20000E+01, 1.20000E+01, 1.20000E+01, 1.20000E+01, 1.20000E+01), ts=c(1.10000E+01, 1.10000E+01, 1.10000E+01, 1.10000E+01, 1.10000E+01, 1.10000E+01), D=c(9.00000E+01, 9.00000E+01, 9.00000E+01, 9.00000E+01, 9.00000E+01, 9.00000E+01), bw=c(7.20000E+01, 7.20000E+01, 7.20000E+01, 7.20000E+01, 7.20000E+01, 7.20000E+01), Gender=c(1.00000E+00, 1.00000E+00, 1.00000E+00, 1.00000E+00, 1.00000E+00, 1.00000E+00))
