list(N=2.00000E+00, c=c(3.85000E+00, 4.01000E+00), tau=c(1.20000E+01, 1.20000E+01), ts=c(1.10000E+01, 1.10000E+01), D=c(9.00000E+01, 9.00000E+01), bw=c(7.00000E+01, 6.50000E+01), Gender=c(1.00000E+00, 1.00000E+00))
