list(Amax=5.63340E-01, tau=1.20000E+01, D=6.00000E+03, TBW=7.30000E+01, Gender=0.00000E+00, Scr=1.00000E+00)
