list(N=2.00000E+00, c=c(9.00000E+00, 7.00000E+00), tau=c(1.20000E+01, 1.20000E+01), ts=c(1.20000E+01, 1.20000E+01), D=c(1.50000E+00, 1.50000E+00), bw=c(7.00000E+01, 6.00000E+01), age=c(5.50000E+01, 6.00000E+01), race=c(0.00000E+00, 1.00000E+00), Ery=c(0.00000E+00, 0.00000E+00))
