list(c=2.67737E+00, tau=1.20000E+01, ts=1.10000E+01, D=1.00000E+00, bw=7.10000E+01, age=4.40000E+01, race=0.00000E+00, Ery=0.00000E+00)
