list(N=2.00000E+00, c=c(1.90000E-01, 2.50000E+00), tau=c(1.20000E+01, 1.20000E+01), ts=c(8.00000E+00, 8.00000E+00), D=c(8.00000E+02, 8.00000E+02), bw=c(6.50000E+01, 7.00000E+01), Rit=c(0.00000E+00, 1.00000E+00), Gender=c(1.00000E+00, 1.00000E+00))
