list(N=2.00000E+00, c=c(6.70000E-01, 7.70000E-01), tau=c(8.00000E+00, 8.00000E+00), age=c(4.00000E+01, 6.00000E+01), D=c(6.00000E+02, 6.00000E+02), Scr=c(8.80000E-01, 9.00000E-01), bw=c(6.00000E+01, 6.50000E+01), f=c(0.00000E+00, 1.00000E+00))
