list(N=6.00000E+00, c=c(1.66199E+00, 1.21455E+00, 9.39815E-01, 9.23327E-01, 7.89445E-01, 6.61980E-01), tau=c(1.20000E+01, 1.20000E+01, 1.20000E+01, 1.20000E+01, 1.20000E+01, 1.20000E+01), age=c(4.00000E+01, 4.00000E+01, 4.00000E+01, 4.00000E+01, 4.00000E+01, 4.00000E+01), D=c(7.00000E+02, 7.00000E+02, 7.00000E+02, 7.00000E+02, 7.00000E+02, 7.00000E+02), Scr=c(1.80000E+00, 1.80000E+00, 1.80000E+00, 1.80000E+00, 1.80000E+00, 1.80000E+00), bw=c(5.90000E+01, 5.90000E+01, 5.90000E+01, 5.90000E+01, 5.90000E+01, 5.90000E+01), f=c(0.00000E+00, 0.00000E+00, 0.00000E+00, 0.00000E+00, 0.00000E+00, 0.00000E+00))
