list(c=1.00000E+00, tau=2.40000E+01, D=1.25000E-01, bw=5.00000E+00, age=1.00000E+00)
