list(c=6.83077E+00, tau=2.40000E+01, D=2.00000E+02, bw=7.00000E+01)
