list(N=3.00000E+00, c=c(1.97761E-02, 6.92208E-02, 6.92208E-02), ts=c(1.10000E+01, 1.10000E+01, 1.10000E+01), tau=c(1.20000E+01, 1.20000E+01, 1.20000E+01), D=c(1.20000E+03, 6.00000E+02, 6.00000E+02), LPV=c(1.00000E+00, 1.00000E+00, 1.00000E+00))
