list(N=2.00000E+00, c=c(1.00000E-01, 1.60000E-03), ts=c(2.40000E+01, 2.40000E+01), tau=c(2.40000E+01, 2.40000E+01), D=c(1.00000E+02, 1.00000E+02), LPV=c(0.00000E+00, 1.00000E+00))
