list(N=6.00000E+00, c=c(2.24982E+01, 2.10013E+01, 1.96508E+01, 1.84268E+01, 1.73128E+01, 1.62950E+01), tau=c(1.20000E+01, 1.20000E+01, 1.20000E+01, 1.20000E+01, 1.20000E+01, 1.20000E+01), ts=c(1.10000E+01, 1.10000E+01, 1.10000E+01, 1.10000E+01, 1.10000E+01, 1.10000E+01), D=c(7.00000E+00, 7.00000E+00, 7.00000E+00, 7.00000E+00, 7.00000E+00, 7.00000E+00), Hem=c(1.00000E+00, 1.00000E+00, 1.00000E+00, 1.00000E+00, 1.00000E+00, 1.00000E+00), Alb=c(1.00000E+00, 1.00000E+00, 1.00000E+00, 1.00000E+00, 1.00000E+00, 1.00000E+00), Dil=c(1.00000E+00, 1.00000E+00, 1.00000E+00, 1.00000E+00, 1.00000E+00, 1.00000E+00), Flu=c(1.00000E+00, 1.00000E+00, 1.00000E+00, 1.00000E+00, 1.00000E+00, 1.00000E+00))
