list(N=2.00000E+00, c=c(7.20000E+00, 8.20000E+00), tau=c(1.20000E+01, 1.20000E+01), ts=c(1.20000E+01, 1.20000E+01), D=c(4.50000E+00, 3.50000E+00), Hem=c(0.00000E+00, 1.00000E+00), Alb=c(1.00000E+00, 0.00000E+00), Dil=c(0.00000E+00, 0.00000E+00), Flu=c(1.00000E+00, 1.00000E+00))
