list(c=5.00000E+00, tau=1.20000E+01, D=3.00000E+02, ht=1.50000E+02, age=5.00000E+01, smoke=0.00000E+00, Gender=0.00000E+00, CHF=0.00000E+00)
