list(N=1.20000E+01, c=c(3.32092E+01, 2.17527E+01, 1.69067E+01, 1.52340E+01, 1.27776E+01, 1.05792E+01, 3.99503E+01, 2.44442E+01, 1.80502E+01, 1.63119E+01, 1.35498E+01, 1.10528E+01), T=c(5.00000E-01, 5.00000E-01, 5.00000E-01, 5.00000E-01, 5.00000E-01, 5.00000E-01, 5.00000E-01, 5.00000E-01, 5.00000E-01, 5.00000E-01, 5.00000E-01, 5.00000E-01), tinf=c(5.00000E-01, 5.00000E-01, 5.00000E-01, 5.00000E-01, 5.00000E-01, 5.00000E-01, 5.00000E-01, 5.00000E-01, 5.00000E-01, 5.00000E-01, 5.00000E-01, 5.00000E-01), R=c(4.00000E+01, 4.00000E+01, 4.00000E+01, 4.00000E+01, 4.00000E+01, 4.00000E+01, 4.00000E+01, 4.00000E+01, 4.00000E+01, 4.00000E+01, 4.00000E+01, 4.00000E+01), DL=c(4.00000E+02, 4.00000E+02, 4.00000E+02, 4.00000E+02, 4.00000E+02, 4.00000E+02, 4.00000E+02, 4.00000E+02, 4.00000E+02, 4.00000E+02, 4.00000E+02, 4.00000E+02), ht=c(7.20000E+01, 7.20000E+01, 7.20000E+01, 7.20000E+01, 7.20000E+01, 7.20000E+01, 7.20000E+01, 7.20000E+01, 7.20000E+01, 7.20000E+01, 7.20000E+01, 7.20000E+01), age=c(6.00000E+01, 6.00000E+01, 6.00000E+01, 6.00000E+01, 6.00000E+01, 6.00000E+01, 6.00000E+01, 6.00000E+01, 6.00000E+01, 6.00000E+01, 6.00000E+01, 6.00000E+01), smoke=c(1.00000E+00, 1.00000E+00, 1.00000E+00, 1.00000E+00, 1.00000E+00, 1.00000E+00, 1.00000E+00, 1.00000E+00, 1.00000E+00, 1.00000E+00, 1.00000E+00, 1.00000E+00), Gender=c(1.00000E+00, 1.00000E+00, 1.00000E+00, 1.00000E+00, 1.00000E+00, 1.00000E+00, 1.00000E+00, 1.00000E+00, 1.00000E+00, 1.00000E+00, 1.00000E+00, 1.00000E+00), CHF=c(1.00000E+00, 1.00000E+00, 1.00000E+00, 1.00000E+00, 1.00000E+00, 1.00000E+00, 1.00000E+00, 1.00000E+00, 1.00000E+00, 1.00000E+00, 1.00000E+00, 1.00000E+00))
