list(N=2.40000E+01, c=c(2.02197E+01, 2.27355E+01, 1.65153E+01, 1.47410E+01, 1.01189E+01, 8.40006E+00, 1.93191E+01, 2.20863E+01, 1.65153E+01, 1.48111E+01, 1.05289E+01, 9.08897E+00, 1.71099E+01, 1.59777E+01, 1.53319E+01, 1.52618E+01, 1.49162E+01, 1.46267E+01, 1.92841E+01, 2.16702E+01, 1.57110E+01, 1.65848E+01, 1.11565E+01, 9.08897E+00), tau=c(8.00000E+00, 8.00000E+00, 8.00000E+00, 8.00000E+00, 8.00000E+00, 8.00000E+00, 8.00000E+00, 8.00000E+00, 8.00000E+00, 8.00000E+00, 8.00000E+00, 8.00000E+00, 8.00000E+00, 8.00000E+00, 8.00000E+00, 8.00000E+00, 8.00000E+00, 8.00000E+00, 8.00000E+00, 8.00000E+00, 8.00000E+00, 8.00000E+00, 8.00000E+00, 8.00000E+00), ts=c(2.00000E+00, 2.00000E+00, 2.00000E+00, 2.00000E+00, 2.00000E+00, 2.00000E+00, 2.00000E+00, 2.00000E+00, 2.00000E+00, 2.00000E+00, 2.00000E+00, 2.00000E+00, 2.00000E+00, 2.00000E+00, 2.00000E+00, 2.00000E+00, 2.00000E+00, 2.00000E+00, 2.00000E+00, 2.00000E+00, 2.00000E+00, 2.00000E+00, 2.00000E+00, 2.00000E+00), D=c(1.25000E+02, 2.50000E+02, 2.50000E+02, 2.50000E+02, 2.50000E+02, 2.50000E+02, 1.25000E+02, 2.50000E+02, 2.50000E+02, 2.50000E+02, 2.50000E+02, 2.50000E+02, 2.50000E+02, 2.50000E+02, 2.50000E+02, 2.50000E+02, 2.50000E+02, 2.50000E+02, 1.25000E+02, 2.50000E+02, 2.50000E+02, 2.50000E+02, 2.50000E+02, 2.50000E+02), ht=c(1.72000E+02, 1.72000E+02, 1.72000E+02, 1.72000E+02, 1.72000E+02, 1.72000E+02, 1.72000E+02, 1.72000E+02, 1.72000E+02, 1.72000E+02, 1.72000E+02, 1.72000E+02, 1.72000E+02, 1.72000E+02, 1.72000E+02, 1.72000E+02, 1.72000E+02, 1.72000E+02, 1.72000E+02, 1.72000E+02, 1.72000E+02, 1.72000E+02, 1.72000E+02, 1.72000E+02), age=c(6.00000E+01, 6.00000E+01, 6.00000E+01, 6.00000E+01, 6.00000E+01, 6.00000E+01, 6.00000E+01, 6.00000E+01, 6.00000E+01, 6.00000E+01, 6.00000E+01, 6.00000E+01, 6.00000E+01, 6.00000E+01, 6.00000E+01, 6.00000E+01, 6.00000E+01, 6.00000E+01, 6.00000E+01, 6.00000E+01, 6.00000E+01, 6.00000E+01, 6.00000E+01, 6.00000E+01), smoke=c(1.00000E+00, 1.00000E+00, 1.00000E+00, 1.00000E+00, 1.00000E+00, 1.00000E+00, 1.00000E+00, 1.00000E+00, 1.00000E+00, 1.00000E+00, 1.00000E+00, 1.00000E+00, 1.00000E+00, 1.00000E+00, 1.00000E+00, 1.00000E+00, 1.00000E+00, 1.00000E+00, 1.00000E+00, 1.00000E+00, 1.00000E+00, 1.00000E+00, 1.00000E+00, 1.00000E+00), Gender=c(1.00000E+00, 1.00000E+00, 1.00000E+00, 1.00000E+00, 1.00000E+00, 1.00000E+00, 1.00000E+00, 1.00000E+00, 1.00000E+00, 1.00000E+00, 1.00000E+00, 1.00000E+00, 1.00000E+00, 1.00000E+00, 1.00000E+00, 1.00000E+00, 1.00000E+00, 1.00000E+00, 1.00000E+00, 1.00000E+00, 1.00000E+00, 1.00000E+00, 1.00000E+00, 1.00000E+00), CHF=c(1.00000E+00, 1.00000E+00, 1.00000E+00, 1.00000E+00, 1.00000E+00, 1.00000E+00, 1.00000E+00, 1.00000E+00, 1.00000E+00, 1.00000E+00, 1.00000E+00, 1.00000E+00, 1.00000E+00, 1.00000E+00, 1.00000E+00, 1.00000E+00, 1.00000E+00, 1.00000E+00, 1.00000E+00, 1.00000E+00, 1.00000E+00, 1.00000E+00, 1.00000E+00, 1.00000E+00))
