list(N=6.00000E+00, c=c(1.02456E+02, 7.04592E+01, 5.56859E+01, 5.44879E+01, 3.83367E+01, 2.93535E+01), tau=c(1.20000E+01, 1.20000E+01, 1.20000E+01, 1.20000E+01, 1.20000E+01, 1.20000E+01), ts=c(1.10000E+01, 1.10000E+01, 1.10000E+01, 1.10000E+01, 1.10000E+01, 1.10000E+01), D=c(5.00000E+02, 5.00000E+02, 5.00000E+02, 5.00000E+02, 5.00000E+02, 5.00000E+02), age=c(2.00000E+01, 2.00000E+01, 2.00000E+01, 2.00000E+01, 2.00000E+01, 2.00000E+01), CBZ=c(1.00000E+00, 1.00000E+00, 1.00000E+00, 1.00000E+00, 1.00000E+00, 1.00000E+00), INDI=c(1.00000E+00, 1.00000E+00, 1.00000E+00, 1.00000E+00, 1.00000E+00, 1.00000E+00), ka=c(4.00000E+00, 4.00000E+00, 4.00000E+00, 4.00000E+00, 4.00000E+00, 4.00000E+00))
