list(N=2.00000E+00, c=c(4.20000E+01, 4.60000E+01), tau=c(1.20000E+01, 1.20000E+01), ts=c(1.20000E+01, 1.20000E+01), D=c(4.00000E+02, 4.00000E+02), age=c(2.00000E+01, 5.00000E+01), CBZ=c(4.00000E+00, 0.00000E+00), INDI=c(1.00000E+00, 0.00000E+00), ka=c(4.00000E+00, 4.00000E+00))
