list(T=2.00000E+00, c=c(1.45000E+01, 1.36600E+01), ts=c(8.00000E+00, 5.00000E+00), tau=6.00000E+00, tin=5.00000E-01, D=4.50000E+02, bw=6.50000E+01, Scr=1.00000E+00, Gender=1.00000E+00, age=4.70000E+01)
