list(c=6.33177E+00, tau=8.00000E+00, ts=7.50000E+00, tin=5.00000E-01, D=1.00000E+03, bw=6.50000E+01, Scr=1.00000E+00, Gender=0.00000E+00, age=5.20000E+01)
